節點 (0, 0) 可以通往: [(1, 0), (0, 1)]
節點 (0, 1) 可以通往: [(0, 0), (0, 2)]
節點 (0, 2) 可以通往: [(1, 2), (0, 1), (0, 3)]
節點 (0, 3) 可以通往: [(1, 3), (0, 2), (0, 4)]
節點 (0, 4) 可以通往: [(1, 4), (0, 3), (0, 5)]
節點 (0, 5) 可以通往: [(1, 5), (0, 4), (0, 6)]
節點 (0, 6) 可以通往: [(1, 6), (0, 5), (0, 7)]
節點 (0, 7) 可以通往: [(1, 7), (0, 6), (0, 8)]
節點 (0, 8) 可以通往: [(1, 8), (0, 7)]
節點 (1, 0) 可以通往: [(0, 0), (2, 0)]
節點 (1, 2) 可以通往: [(0, 2), (2, 2), (1, 3)]
節點 (1, 3) 可以通往: [(0, 3), (2, 3), (1, 2), (1, 4)]
節點 (1, 4) 可以通往: [(0, 4), (2, 4), (1, 3), (1, 5)]
節點 (1, 5) 可以通往: [(0, 5), (2, 5), (1, 4), (1, 6)]
節點 (1, 6) 可以通往: [(0, 6), (2, 6), (1, 5), (1, 7)]
節點 (1, 7) 可以通往: [(0, 7), (2, 7), (1, 6), (1, 8)]
節點 (1, 8) 可以通往: [(0, 8), (2, 8), (1, 7)]
節點 (2, 0) 可以通往: [(1, 0), (3, 0), (2, 1)]
節點 (2, 1) 可以通往: [(3, 1), (2, 0), (2, 2)]
節點 (2, 2) 可以通往: [(1, 2), (3, 2), (2, 1), (2, 3)]
節點 (2, 3) 可以通往: [(1, 3), (3, 3), (2, 2), (2, 4)]
節點 (2, 4) 可以通往: [(1, 4), (3, 4), (2, 3), (2, 5)]
節點 (2, 5) 可以通往: [(1, 5), (3, 5), (2, 4), (2, 6)]
節點 (2, 6) 可以通往: [(1, 6), (3, 6), (2, 5), (2, 7)]
節點 (2, 7) 可以通往: [(1, 7), (3, 7), (2, 6), (2, 8)]
節點 (2, 8) 可以通往: [(1, 8), (3, 8), (2, 7)]
節點 (3, 0) 可以通往: [(2, 0), (4, 0), (3, 1)]
節點 (3, 1) 可以通往: [(2, 1), (4, 1), (3, 0), (3, 2)]
節點 (3, 2) 可以通往: [(2, 2), (4, 2), (3, 1), (3, 3)]
節點 (3, 3) 可以通往: [(2, 3), (4, 3), (3, 2), (3, 4)]
節點 (3, 4) 可以通往: [(2, 4), (4, 4), (3, 3), (3, 5)]
節點 (3, 5) 可以通往: [(2, 5), (4, 5), (3, 4), (3, 6)]
節點 (3, 6) 可以通往: [(2, 6), (4, 6), (3, 5), (3, 7)]
節點 (3, 7) 可以通往: [(2, 7), (4, 7), (3, 6), (3, 8)]
節點 (3, 8) 可以通往: [(2, 8), (4, 8), (3, 7)]
節點 (4, 0) 可以通往: [(3, 0), (5, 0), (4, 1)]
節點 (4, 1) 可以通往: [(3, 1), (5, 1), (4, 0), (4, 2)]
節點 (4, 2) 可以通往: [(3, 2), (5, 2), (4, 1), (4, 3)]
節點 (4, 3) 可以通往: [(3, 3), (5, 3), (4, 2), (4, 4)]
節點 (4, 4) 可以通往: [(3, 4), (5, 4), (4, 3), (4, 5)]
節點 (4, 5) 可以通往: [(3, 5), (5, 5), (4, 4), (4, 6)]
節點 (4, 6) 可以通往: [(3, 6), (5, 6), (4, 5), (4, 7)]
節點 (4, 7) 可以通往: [(3, 7), (5, 7), (4, 6), (4, 8)]
節點 (4, 8) 可以通往: [(3, 8), (5, 8), (4, 7)]
節點 (5, 0) 可以通往: [(4, 0), (6, 0), (5, 1)]
節點 (5, 1) 可以通往: [(4, 1), (6, 1), (5, 0), (5, 2)]
節點 (5, 2) 可以通往: [(4, 2), (6, 2), (5, 1), (5, 3)]
節點 (5, 3) 可以通往: [(4, 3), (6, 3), (5, 2), (5, 4)]
節點 (5, 4) 可以通往: [(4, 4), (6, 4), (5, 3), (5, 5)]
節點 (5, 5) 可以通往: [(4, 5), (6, 5), (5, 4), (5, 6)]
節點 (5, 6) 可以通往: [(4, 6), (6, 6), (5, 5), (5, 7)]
節點 (5, 7) 可以通往: [(4, 7), (6, 7), (5, 6), (5, 8)]
節點 (5, 8) 可以通往: [(4, 8), (6, 8), (5, 7)]
節點 (6, 0) 可以通往: [(5, 0), (7, 0), (6, 1)]
節點 (6, 1) 可以通往: [(5, 1), (7, 1), (6, 0), (6, 2)]
節點 (6, 2) 可以通往: [(5, 2), (7, 2), (6, 1), (6, 3)]
節點 (6, 3) 可以通往: [(5, 3), (7, 3), (6, 2), (6, 4)]
節點 (6, 4) 可以通往: [(5, 4), (7, 4), (6, 3), (6, 5)]
節點 (6, 5) 可以通往: [(5, 5), (7, 5), (6, 4), (6, 6)]
節點 (6, 6) 可以通往: [(5, 6), (7, 6), (6, 5), (6, 7)]
節點 (6, 7) 可以通往: [(5, 7), (7, 7), (6, 6), (6, 8)]
節點 (6, 8) 可以通往: [(5, 8), (7, 8), (6, 7)]
節點 (7, 0) 可以通往: [(6, 0), (8, 0), (7, 1)]
節點 (7, 1) 可以通往: [(6, 1), (8, 1), (7, 0), (7, 2)]
節點 (7, 2) 可以通往: [(6, 2), (8, 2), (7, 1), (7, 3)]
節點 (7, 3) 可以通往: [(6, 3), (8, 3), (7, 2), (7, 4)]
節點 (7, 4) 可以通往: [(6, 4), (8, 4), (7, 3), (7, 5)]
節點 (7, 5) 可以通往: [(6, 5), (8, 5), (7, 4), (7, 6)]
節點 (7, 6) 可以通往: [(6, 6), (8, 6), (7, 5), (7, 7)]
節點 (7, 7) 可以通往: [(6, 7), (8, 7), (7, 6), (7, 8)]
節點 (7, 8) 可以通往: [(6, 8), (8, 8), (7, 7)]
節點 (8, 0) 可以通往: [(7, 0), (8, 1)]
節點 (8, 1) 可以通往: [(7, 1), (8, 0), (8, 2)]
節點 (8, 2) 可以通往: [(7, 2), (8, 1), (8, 3)]
節點 (8, 3) 可以通往: [(7, 3), (8, 2), (8, 4)]
節點 (8, 4) 可以通往: [(7, 4), (8, 3), (8, 5)]
節點 (8, 5) 可以通往: [(7, 5), (8, 4), (8, 6)]
節點 (8, 6) 可以通往: [(7, 6), (8, 5), (8, 7)]
節點 (8, 7) 可以通往: [(7, 7), (8, 6), (8, 8)]
節點 (8, 8) 可以通往: [(7, 8), (8, 7)]